name: default_world
robot: 163,111
goal: 320,285
walls{
    7,234 419,234
}

name: student_world_1
robot: 100,100
goal: 950,950
walls{
    0,0 0,1024
    0,0 1024,0
    1024,0 1024,1024
    0,1024 1024,1024
    0,400 400,200
    700,0 700,500
    600,750 400,550
    1024,750 600,750
}

name: student_world_2
robot: 200,200
goal: 200,800
walls{
    0,0 0,1024
    0,0 1024,0
    1024,0 1024,1024
    0,1024 1024,1024
    0,512 800,512
    512,200 512,800
    1024,0 724,300
    512,650 750,650
}

name: student_world_3
robot: 100,100
goal: 200,800
walls{
    0,0 0,1024
    0,0 1024,0
    1024,0 1024,1024
    0,1024 1024,1024
    0,400 400,200
    400,200 750,500
    900,100 900,600
    300,300 600,900
}

